../../../.git/annex/objects/58/xJ/SHA256E-s12068140--5dd0c35477a124a70d2f3ad4362ba5b4b66a123648b4d0ea884308ba3c3faa78.tsv/SHA256E-s12068140--5dd0c35477a124a70d2f3ad4362ba5b4b66a123648b4d0ea884308ba3c3faa78.tsv